   x        Cpi      Cpv        Qi        Qv
 1.0000    0.556    -0.104     0.668     1.050
 0.9961    0.366    -0.105     0.797     1.051
 0.9897    0.303    -0.106     0.836     1.052
 0.9828    0.255    -0.108     0.864     1.052
 0.9756    0.218    -0.110     0.885     1.053
 0.9680    0.187    -0.112     0.902     1.054
 0.9602    0.159    -0.114     0.918     1.055
 0.9523    0.133    -0.117     0.932     1.056
 0.9442    0.109    -0.119     0.944     1.057
 0.9360    0.087    -0.121     0.956     1.059
 0.9278    0.066    -0.123     0.967     1.060
 0.9196    0.046    -0.126     0.977     1.061
 0.9113    0.027    -0.128     0.986     1.062
 0.9030    0.008    -0.130     0.996     1.063
 0.8947   -0.010    -0.132     1.005     1.064
 0.8865   -0.027    -0.135     1.013     1.065
 0.8782   -0.044    -0.137     1.022     1.066
 0.8699   -0.061    -0.139     1.030     1.067
 0.8616   -0.078    -0.142     1.038     1.068
 0.8533   -0.095    -0.144     1.046     1.069
 0.8450   -0.111    -0.146     1.054     1.070
 0.8367   -0.127    -0.149     1.062     1.071
 0.8283   -0.144    -0.151     1.069     1.073
 0.8200   -0.160    -0.153     1.077     1.074
 0.8117   -0.177    -0.156     1.084     1.075
 0.8034   -0.193    -0.158     1.092     1.076
 0.7951   -0.210    -0.160     1.099     1.077
 0.7868   -0.227    -0.163     1.107     1.078
 0.7785   -0.244    -0.165     1.115     1.079
 0.7702   -0.262    -0.167     1.123     1.080
 0.7619   -0.280    -0.170     1.131     1.081
 0.7537   -0.298    -0.172     1.139     1.082
 0.7454   -0.317    -0.174     1.147     1.083
 0.7371   -0.337    -0.177     1.156     1.084
 0.7288   -0.358    -0.179     1.164     1.085
 0.7206   -0.378    -0.181     1.173     1.086
 0.7123   -0.399    -0.183     1.182     1.087
 0.7041   -0.420    -0.185     1.191     1.088
 0.6958   -0.441    -0.187     1.199     1.089
 0.6876   -0.463    -0.189     1.208     1.090
 0.6794   -0.484    -0.191     1.217     1.091
 0.6712   -0.506    -0.193     1.226     1.092
 0.6629   -0.527    -0.194     1.234     1.092
 0.6547   -0.549    -0.194     1.243     1.092
 0.6465   -0.571    -0.194     1.252     1.092
 0.6383   -0.593    -0.194     1.261     1.092
 0.6301   -0.615    -0.193     1.269     1.092
 0.6219   -0.637    -0.198     1.278     1.094
 0.6137   -0.660    -0.204     1.287     1.097
 0.6055   -0.683    -0.212     1.295     1.100
 0.5973   -0.706    -0.221     1.304     1.104
 0.5892   -0.729    -0.232     1.313     1.109
 0.5810   -0.752    -0.244     1.322     1.115
 0.5728   -0.776    -0.258     1.330     1.121
 0.5646   -0.799    -0.274     1.339     1.128
 0.5564   -0.823    -0.291     1.348     1.135
 0.5482   -0.848    -0.309     1.357     1.143
 0.5401   -0.873    -0.329     1.366     1.152
 0.5319   -0.899    -0.350     1.376     1.161
 0.5237   -0.925    -0.372     1.385     1.170
 0.5156   -0.951    -0.395     1.394     1.180
 0.5074   -0.978    -0.419     1.404     1.190
 0.4993   -1.005    -0.445     1.413     1.201
 0.4911   -1.032    -0.471     1.423     1.211
 0.4830   -1.059    -0.497     1.432     1.222
 0.4748   -1.086    -0.525     1.442     1.233
 0.4667   -1.114    -0.552     1.451     1.245
 0.4586   -1.143    -0.581     1.461     1.256
 0.4505   -1.171    -0.609     1.470     1.267
 0.4424   -1.200    -0.638     1.480     1.278
 0.4343   -1.229    -0.667     1.490     1.289
 0.4262   -1.259    -0.696     1.499     1.300
 0.4182   -1.287    -0.725     1.509     1.311
 0.4101   -1.314    -0.753     1.518     1.322
 0.4021   -1.341    -0.780     1.526     1.332
 0.3940   -1.364    -0.807     1.534     1.342
 0.3860   -1.385    -0.832     1.541     1.351
 0.3779   -1.405    -0.857     1.547     1.360
 0.3698   -1.424    -0.881     1.553     1.369
 0.3618   -1.442    -0.904     1.559     1.378
 0.3537   -1.461    -0.927     1.565     1.386
 0.3456   -1.481    -0.950     1.571     1.394
 0.3375   -1.501    -0.973     1.577     1.402
 0.3294   -1.521    -0.996     1.584     1.410
 0.3212   -1.543    -1.019     1.590     1.418
 0.3131   -1.565    -1.043     1.597     1.426
 0.3050   -1.588    -1.066     1.604     1.435
 0.2969   -1.612    -1.090     1.612     1.443
 0.2888   -1.638    -1.115     1.619     1.451
 0.2807   -1.664    -1.140     1.628     1.460
 0.2726   -1.692    -1.166     1.636     1.469
 0.2645   -1.721    -1.192     1.645     1.477
 0.2564   -1.751    -1.220     1.654     1.487
 0.2483   -1.783    -1.248     1.663     1.496
 0.2402   -1.817    -1.277     1.673     1.506
 0.2321   -1.853    -1.307     1.684     1.515
 0.2241   -1.890    -1.339     1.695     1.526
 0.2160   -1.929    -1.371     1.706     1.536
 0.2080   -1.970    -1.405     1.718     1.547
 0.2000   -2.013    -1.440     1.730     1.558
 0.1920   -2.058    -1.477     1.743     1.570
 0.1840   -2.107    -1.516     1.756     1.582
 0.1760   -2.157    -1.556     1.770     1.594
 0.1681   -2.210    -1.598     1.785     1.607
 0.1601   -2.268    -1.643     1.801     1.621
 0.1522   -2.331    -1.692     1.818     1.636
 0.1444   -2.400    -1.744     1.837     1.652
 0.1365   -2.476    -1.801     1.857     1.668
 0.1288   -2.558    -1.861     1.879     1.686
 0.1210   -2.646    -1.926     1.901     1.705
 0.1134   -2.740    -1.995     1.926     1.725
 0.1058   -2.843    -2.070     1.952     1.746
 0.0984   -2.955    -2.151     1.979     1.769
 0.0910   -3.077    -2.239     2.010     1.793
 0.0838   -3.212    -2.335     2.042     1.819
 0.0768   -3.364    -2.442     2.078     1.848
 0.0701   -3.537    -2.562     2.119     1.880
 0.0637   -3.735    -2.695     2.164     1.914
 0.0576   -3.950    -2.840     2.212     1.951
 0.0519   -4.182    -2.994     2.262     1.989
 0.0466   -4.446    -3.164     2.318     2.031
 0.0418   -4.732    -3.343     2.378     2.073
 0.0375   -5.030    -3.526     2.438     2.116
 0.0335   -5.337    -3.711     2.498     2.158
 0.0299   -5.654    -3.899     2.559     2.200
 0.0267   -5.996    -4.104     2.623     2.245
 0.0237   -6.371    -4.353     2.691     2.299
 0.0211   -6.795    -4.721     2.765     2.375
 0.0187   -7.242    -5.345     2.842     2.500
 0.0165   -7.702    -6.320     2.919     2.681
 0.0146   -8.168    -7.334     2.994     2.858
 0.0128   -8.662    -7.366     3.072     2.863
 0.0111   -9.235    -7.392     3.159     2.867
 0.0097   -9.828    -7.416     3.247     2.871
 0.0083  -10.447    -7.446     3.336     2.876
 0.0071  -11.316    -7.491     3.457     2.884
 0.0059  -12.273    -7.581     3.584     2.899
 0.0049  -13.067    -7.752     3.686     2.927
 0.0041  -13.574    -8.028     3.750     2.972
 0.0033  -13.778    -8.260     3.775     3.009
 0.0027  -13.783    -8.341     3.776     3.021
 0.0021  -13.630    -8.281     3.757     3.012
 0.0016  -13.365    -8.128     3.724     2.988
 0.0012  -13.047    -7.938     3.684     2.957
 0.0009  -12.850    -7.776     3.659     2.931
 0.0006  -12.828    -7.649     3.656     2.910
 0.0004  -12.056    -7.543     3.556     2.892
 0.0002  -12.018    -7.752     3.551     2.927
 0.0001  -13.899    -8.174     3.790     2.995
 0.0000  -14.818    -8.342     3.901     3.022
 0.0001  -13.544    -7.441     3.746     2.875
 0.0002  -10.454    -5.794     3.337     2.585
 0.0004   -8.752    -4.864     3.086     2.404
 0.0007   -7.993    -4.411     2.966     2.311
 0.0010   -7.795    -4.149     2.934     2.255
 0.0013   -7.312    -3.780     2.854     2.174
 0.0017   -6.638    -3.335     2.738     2.071
 0.0022   -5.955    -2.892     2.615     1.964
 0.0028   -5.317    -2.472     2.494     1.856
 0.0034   -4.687    -2.058     2.368     1.743
 0.0042   -4.014    -1.632     2.226     1.618
 0.0051   -3.299    -1.198     2.063     1.479
 0.0061   -2.593    -0.787     1.888     1.335
 0.0072   -1.968    -0.433     1.717     1.196
 0.0084   -1.452    -0.146     1.562     1.070
 0.0098   -1.043     0.082     1.427     0.958
 0.0113   -0.693     0.274     1.299     0.853
 0.0129   -0.392     0.434     1.179     0.754
 0.0147   -0.139     0.565     1.067     0.661
 0.0167    0.078     0.674     0.960     0.573
 0.0188    0.265     0.764     0.858     0.488
 0.0212    0.425     0.836     0.760     0.407
 0.0239    0.559     0.893     0.666     0.330
 0.0268    0.669     0.936     0.577     0.257
 0.0300    0.759     0.967     0.493     0.188
 0.0336    0.833     0.988     0.412     0.120
 0.0375    0.891     0.999     0.334     0.056
 0.0419    0.935     1.002     0.259    -0.006
 0.0467    0.967     0.998     0.188    -0.065
 0.0520    0.988     0.988     0.121    -0.120
 0.0576    0.999     0.973     0.058    -0.172
 0.0637    1.003     0.954    -0.000    -0.221
 0.0701    1.000     0.932    -0.055    -0.266
 0.0768    0.992     0.907    -0.105    -0.308
 0.0838    0.980     0.882    -0.151    -0.347
 0.0910    0.965     0.856    -0.194    -0.383
 0.0984    0.948     0.829    -0.233    -0.416
 0.1058    0.930     0.803    -0.269    -0.447
 0.1134    0.911     0.777    -0.302    -0.475
 0.1210    0.892     0.751    -0.333    -0.501
 0.1288    0.872     0.726    -0.361    -0.526
 0.1365    0.852     0.702    -0.388    -0.548
 0.1444    0.832     0.678    -0.412    -0.569
 0.1522    0.813     0.656    -0.435    -0.589
 0.1601    0.794     0.633    -0.457    -0.607
 0.1681    0.774     0.612    -0.477    -0.625
 0.1760    0.756     0.590    -0.497    -0.642
 0.1840    0.737     0.570    -0.515    -0.658
 0.1920    0.719     0.550    -0.532    -0.673
 0.2000    0.701     0.530    -0.549    -0.687
 0.2080    0.684     0.511    -0.564    -0.701
 0.2160    0.667     0.493    -0.579    -0.714
 0.2241    0.650     0.475    -0.593    -0.726
 0.2321    0.634     0.457    -0.607    -0.738
 0.2402    0.618     0.440    -0.620    -0.749
 0.2483    0.603     0.424    -0.632    -0.760
 0.2564    0.587     0.407    -0.644    -0.771
 0.2645    0.572     0.391    -0.655    -0.781
 0.2726    0.558     0.375    -0.667    -0.791
 0.2807    0.543     0.360    -0.677    -0.801
 0.2888    0.529     0.345    -0.688    -0.810
 0.2969    0.515     0.330    -0.698    -0.819
 0.3050    0.501     0.315    -0.708    -0.828
 0.3131    0.487     0.301    -0.717    -0.837
 0.3213    0.474     0.286    -0.726    -0.846
 0.3294    0.461     0.272    -0.735    -0.854
 0.3375    0.448     0.258    -0.744    -0.862
 0.3456    0.435     0.244    -0.753    -0.870
 0.3537    0.422     0.231    -0.761    -0.878
 0.3618    0.410     0.218    -0.769    -0.885
 0.3698    0.398     0.205    -0.777    -0.892
 0.3779    0.386     0.192    -0.784    -0.899
 0.3860    0.375     0.180    -0.792    -0.906
 0.3940    0.364     0.169    -0.798    -0.912
 0.4021    0.355     0.159    -0.804    -0.918
 0.4101    0.346     0.150    -0.809    -0.922
 0.4182    0.339     0.142    -0.814    -0.927
 0.4262    0.332     0.135    -0.818    -0.930
 0.4343    0.326     0.128    -0.822    -0.934
 0.4424    0.320     0.123    -0.826    -0.937
 0.4505    0.314     0.117    -0.829    -0.940
 0.4586    0.309     0.112    -0.832    -0.943
 0.4667    0.304     0.107    -0.835    -0.945
 0.4749    0.299     0.103    -0.838    -0.948
 0.4830    0.295     0.098    -0.840    -0.950
 0.4911    0.291     0.094    -0.843    -0.952
 0.4993    0.287     0.091    -0.845    -0.954
 0.5074    0.283     0.087    -0.847    -0.956
 0.5156    0.280     0.084    -0.849    -0.957
 0.5237    0.277     0.081    -0.851    -0.959
 0.5319    0.275     0.079    -0.852    -0.960
 0.5401    0.272     0.076    -0.854    -0.961
 0.5482    0.269     0.074    -0.855    -0.963
 0.5564    0.267     0.071    -0.857    -0.964
 0.5646    0.265     0.069    -0.858    -0.965
 0.5728    0.263     0.067    -0.859    -0.966
 0.5810    0.261     0.065    -0.860    -0.967
 0.5892    0.259     0.063    -0.861    -0.968
 0.5973    0.258     0.062    -0.862    -0.969
 0.6055    0.257     0.060    -0.863    -0.970
 0.6137    0.256     0.059    -0.863    -0.970
 0.6219    0.255     0.058    -0.864    -0.971
 0.6301    0.254     0.057    -0.864    -0.971
 0.6383    0.254     0.056    -0.864    -0.972
 0.6465    0.254     0.055    -0.865    -0.972
 0.6547    0.253     0.055    -0.865    -0.972
 0.6629    0.254     0.054    -0.865    -0.973
 0.6712    0.254     0.054    -0.865    -0.973
 0.6794    0.254     0.054    -0.864    -0.973
 0.6876    0.255     0.053    -0.864    -0.973
 0.6958    0.255     0.053    -0.864    -0.973
 0.7041    0.256     0.054    -0.863    -0.973
 0.7123    0.257     0.054    -0.862    -0.973
 0.7206    0.258     0.054    -0.862    -0.973
 0.7288    0.260     0.054    -0.861    -0.973
 0.7371    0.261     0.054    -0.860    -0.973
 0.7454    0.262     0.054    -0.859    -0.973
 0.7537    0.263     0.054    -0.859    -0.973
 0.7620    0.264     0.054    -0.858    -0.973
 0.7702    0.265     0.053    -0.858    -0.973
 0.7785    0.265     0.052    -0.858    -0.974
 0.7868    0.266     0.051    -0.857    -0.974
 0.7951    0.267     0.049    -0.857    -0.975
 0.8034    0.267     0.048    -0.857    -0.976
 0.8117    0.267     0.046    -0.857    -0.977
 0.8200    0.268     0.044    -0.856    -0.978
 0.8284    0.268     0.042    -0.856    -0.979
 0.8367    0.269     0.039    -0.856    -0.980
 0.8450    0.270     0.037    -0.855    -0.981
 0.8533    0.270     0.034    -0.855    -0.983
 0.8616    0.271     0.031    -0.854    -0.984
 0.8699    0.272     0.028    -0.854    -0.986
 0.8782    0.273     0.025    -0.853    -0.988
 0.8865    0.275     0.021    -0.852    -0.989
 0.8947    0.276     0.017    -0.851    -0.991
 0.9030    0.278     0.013    -0.850    -0.994
 0.9113    0.281     0.009    -0.849    -0.996
 0.9196    0.283     0.004    -0.847    -0.998
 0.9278    0.286    -0.002    -0.846    -1.001
 0.9360    0.290    -0.007    -0.843    -1.004
 0.9442    0.294    -0.014    -0.841    -1.007
 0.9523    0.300    -0.020    -0.838    -1.010
 0.9602    0.307    -0.028    -0.833    -1.014
 0.9680    0.315    -0.037    -0.828    -1.018
 0.9756    0.327    -0.046    -0.821    -1.023
 0.9828    0.342    -0.057    -0.812    -1.028
 0.9897    0.366    -0.069    -0.797    -1.034
 0.9961    0.403    -0.083    -0.774    -1.041
 1.0000    0.556    -0.104    -0.668    -1.050


