   x        Cpi      Cpv        Qi        Qv
 1.0000    0.567    -0.222     0.660     1.105
 0.9961    0.378    -0.223     0.789     1.105
 0.9897    0.315    -0.224     0.828     1.106
 0.9828    0.267    -0.226     0.857     1.107
 0.9756    0.228    -0.228     0.879     1.107
 0.9680    0.196    -0.230     0.897     1.108
 0.9602    0.166    -0.232     0.913     1.109
 0.9523    0.140    -0.234     0.928     1.110
 0.9442    0.115    -0.236     0.941     1.111
 0.9360    0.091    -0.238     0.953     1.112
 0.9278    0.069    -0.240     0.965     1.113
 0.9196    0.048    -0.242     0.976     1.114
 0.9113    0.028    -0.244     0.986     1.115
 0.9030    0.008    -0.247     0.996     1.116
 0.8947   -0.011    -0.249     1.005     1.117
 0.8865   -0.030    -0.251     1.015     1.118
 0.8782   -0.048    -0.253     1.024     1.119
 0.8699   -0.066    -0.256     1.032     1.120
 0.8616   -0.084    -0.258     1.041     1.121
 0.8533   -0.102    -0.260     1.049     1.122
 0.8450   -0.120    -0.262     1.058     1.123
 0.8367   -0.137    -0.265     1.066     1.124
 0.8283   -0.155    -0.267     1.074     1.125
 0.8200   -0.172    -0.269     1.082     1.126
 0.8117   -0.190    -0.272     1.090     1.127
 0.8034   -0.208    -0.274     1.099     1.128
 0.7951   -0.226    -0.276     1.107     1.129
 0.7868   -0.244    -0.279     1.115     1.130
 0.7785   -0.263    -0.281     1.123     1.131
 0.7702   -0.282    -0.284     1.132     1.132
 0.7619   -0.302    -0.286     1.140     1.133
 0.7537   -0.322    -0.288     1.149     1.134
 0.7454   -0.342    -0.291     1.158     1.135
 0.7371   -0.363    -0.293     1.167     1.136
 0.7288   -0.385    -0.296     1.176     1.138
 0.7206   -0.408    -0.298     1.185     1.139
 0.7123   -0.430    -0.301     1.195     1.140
 0.7041   -0.453    -0.303     1.204     1.141
 0.6958   -0.476    -0.306     1.214     1.142
 0.6876   -0.499    -0.308     1.223     1.143
 0.6794   -0.522    -0.311     1.232     1.144
 0.6712   -0.545    -0.313     1.242     1.145
 0.6629   -0.569    -0.316     1.251     1.146
 0.6547   -0.593    -0.319     1.260     1.147
 0.6465   -0.616    -0.321     1.270     1.149
 0.6383   -0.640    -0.324     1.279     1.150
 0.6301   -0.665    -0.326     1.289     1.151
 0.6219   -0.689    -0.329     1.298     1.152
 0.6137   -0.714    -0.332     1.307     1.153
 0.6055   -0.739    -0.335     1.317     1.154
 0.5973   -0.764    -0.337     1.326     1.156
 0.5892   -0.790    -0.340     1.336     1.157
 0.5810   -0.815    -0.343     1.345     1.158
 0.5728   -0.841    -0.346     1.355     1.159
 0.5646   -0.868    -0.349     1.364     1.160
 0.5564   -0.894    -0.352     1.374     1.162
 0.5482   -0.922    -0.354     1.384     1.163
 0.5401   -0.950    -0.357     1.394     1.164
 0.5319   -0.978    -0.360     1.404     1.165
 0.5237   -1.007    -0.363     1.414     1.167
 0.5156   -1.036    -0.366     1.424     1.168
 0.5074   -1.066    -0.369     1.435     1.169
 0.4993   -1.096    -0.372     1.445     1.170
 0.4911   -1.126    -0.375     1.455     1.172
 0.4830   -1.157    -0.378     1.466     1.173
 0.4748   -1.188    -0.380     1.476     1.174
 0.4667   -1.220    -0.382     1.487     1.175
 0.4586   -1.251    -0.384     1.497     1.175
 0.4505   -1.284    -0.385     1.508     1.176
 0.4424   -1.317    -0.384     1.519     1.175
 0.4343   -1.350    -0.384     1.529     1.175
 0.4262   -1.383    -0.391     1.540     1.178
 0.4182   -1.416    -0.401     1.550     1.183
 0.4101   -1.447    -0.414     1.560     1.188
 0.4021   -1.478    -0.429     1.570     1.194
 0.3940   -1.505    -0.446     1.579     1.201
 0.3860   -1.530    -0.466     1.586     1.210
 0.3779   -1.554    -0.487     1.594     1.218
 0.3698   -1.577    -0.511     1.601     1.228
 0.3618   -1.600    -0.536     1.608     1.238
 0.3537   -1.623    -0.562     1.615     1.248
 0.3456   -1.647    -0.590     1.622     1.259
 0.3375   -1.672    -0.619     1.630     1.271
 0.3294   -1.697    -0.649     1.638     1.282
 0.3212   -1.724    -0.680     1.646     1.294
 0.3131   -1.751    -0.712     1.654     1.306
 0.3050   -1.780    -0.744     1.662     1.319
 0.2969   -1.810    -0.778     1.671     1.331
 0.2888   -1.841    -0.811     1.680     1.344
 0.2807   -1.874    -0.846     1.690     1.356
 0.2726   -1.908    -0.881     1.700     1.369
 0.2645   -1.944    -0.917     1.710     1.382
 0.2564   -1.981    -0.954     1.721     1.395
 0.2483   -2.021    -0.991     1.732     1.409
 0.2402   -2.063    -1.030     1.744     1.422
 0.2321   -2.107    -1.069     1.756     1.436
 0.2241   -2.153    -1.109     1.769     1.449
 0.2160   -2.201    -1.151     1.783     1.463
 0.2080   -2.252    -1.193     1.797     1.478
 0.2000   -2.305    -1.237     1.811     1.492
 0.1920   -2.362    -1.282     1.826     1.507
 0.1840   -2.421    -1.329     1.842     1.523
 0.1760   -2.484    -1.378     1.859     1.538
 0.1681   -2.551    -1.429     1.877     1.555
 0.1601   -2.624    -1.483     1.896     1.572
 0.1522   -2.702    -1.540     1.916     1.589
 0.1444   -2.789    -1.600     1.938     1.608
 0.1365   -2.883    -1.665     1.962     1.628
 0.1288   -2.986    -1.734     1.987     1.648
 0.1210   -3.096    -1.807     2.014     1.670
 0.1134   -3.215    -1.886     2.043     1.693
 0.1058   -3.344    -1.970     2.074     1.718
 0.0984   -3.486    -2.061     2.107     1.744
 0.0910   -3.642    -2.160     2.143     1.771
 0.0838   -3.813    -2.267     2.181     1.801
 0.0768   -4.006    -2.385     2.224     1.833
 0.0701   -4.227    -2.517     2.272     1.868
 0.0637   -4.479    -2.662     2.325     1.906
 0.0576   -4.753    -2.820     2.382     1.946
 0.0519   -5.050    -2.989     2.442     1.988
 0.0466   -5.388    -3.174     2.508     2.033
 0.0418   -5.755    -3.369     2.578     2.079
 0.0375   -6.140    -3.572     2.649     2.127
 0.0335   -6.539    -3.780     2.720     2.174
 0.0299   -6.954    -3.998     2.793     2.222
 0.0267   -7.401    -4.239     2.869     2.275
 0.0237   -7.892    -4.528     2.950     2.336
 0.0211   -8.449    -4.919     3.038     2.416
 0.0187   -9.038    -5.515     3.129     2.532
 0.0165   -9.648    -6.408     3.221     2.697
 0.0146  -10.272    -7.602     3.311     2.902
 0.0128  -10.936    -7.856     3.405     2.944
 0.0111  -11.706    -7.876     3.509     2.947
 0.0097  -12.509    -7.893     3.615     2.950
 0.0083  -13.355    -7.911     3.723     2.953
 0.0071  -14.528    -7.938     3.866     2.957
 0.0059  -15.829    -7.997     4.019     2.967
 0.0049  -16.938    -8.128     4.143     2.988
 0.0041  -17.692    -8.365     4.226     3.025
 0.0033  -18.062    -8.645     4.265     3.069
 0.0027  -18.175    -8.801     4.277     3.093
 0.0021  -18.082    -8.806     4.267     3.094
 0.0016  -17.840    -8.703     4.242     3.078
 0.0012  -17.524    -8.554     4.207     3.055
 0.0009  -17.367    -8.431     4.190     3.036
 0.0006  -17.447    -8.349     4.199     3.023
 0.0004  -16.509    -8.298     4.096     3.015
 0.0002  -16.560    -8.548     4.101     3.054
 0.0001  -19.256    -9.009     4.391     3.125
 0.0000  -20.672    -9.235     4.534     3.159
 0.0001  -19.049    -8.299     4.369     3.015
 0.0002  -14.859    -6.526     3.906     2.718
 0.0004  -12.578    -5.531     3.624     2.535
 0.0007  -11.605    -5.056     3.496     2.443
 0.0010  -11.425    -4.792     3.471     2.390
 0.0013  -10.841    -4.408     3.391     2.310
 0.0017   -9.978    -3.936     3.269     2.209
 0.0022   -9.093    -3.462     3.138     2.101
 0.0028   -8.262    -3.010     3.009     1.993
 0.0034   -7.435    -2.562     2.874     1.880
 0.0042   -6.528    -2.093     2.719     1.753
 0.0051   -5.542    -1.610     2.537     1.611
 0.0061   -4.546    -1.146     2.339     1.462
 0.0072   -3.654    -0.742     2.145     1.318
 0.0084   -2.911    -0.413     1.969     1.188
 0.0098   -2.321    -0.149     1.815     1.072
 0.0113   -1.809     0.074     1.671     0.962
 0.0129   -1.365     0.262     1.534     0.860
 0.0147   -0.988     0.419     1.407     0.763
 0.0167   -0.659     0.551     1.286     0.672
 0.0188   -0.370     0.661     1.170     0.584
 0.0212   -0.118     0.753     1.057     0.500
 0.0239    0.099     0.827     0.950     0.419
 0.0268    0.281     0.885     0.849     0.343
 0.0300    0.435     0.930     0.753     0.270
 0.0336    0.566     0.963     0.660     0.200
 0.0375    0.676     0.985     0.571     0.132
 0.0419    0.766     0.998     0.486     0.067
 0.0467    0.839     1.002     0.404     0.006
 0.0520    0.895     1.000     0.327    -0.052
 0.0576    0.937     0.991     0.256    -0.107
 0.0637    0.967     0.977     0.188    -0.159
 0.0701    0.987     0.960     0.126    -0.206
 0.0768    0.998     0.940     0.069    -0.250
 0.0838    1.002     0.917     0.016    -0.292
 0.0910    1.001     0.894    -0.033    -0.330
 0.0984    0.996     0.870    -0.078    -0.365
 0.1058    0.988     0.845    -0.119    -0.397
 0.1134    0.978     0.820    -0.157    -0.427
 0.1210    0.966     0.796    -0.192    -0.455
 0.1288    0.952     0.772    -0.225    -0.480
 0.1365    0.938     0.748    -0.255    -0.504
 0.1444    0.922     0.725    -0.283    -0.527
 0.1522    0.907     0.702    -0.309    -0.548
 0.1601    0.891     0.680    -0.334    -0.568
 0.1681    0.875     0.658    -0.357    -0.586
 0.1760    0.859     0.637    -0.379    -0.604
 0.1840    0.842     0.616    -0.400    -0.621
 0.1920    0.826     0.596    -0.420    -0.637
 0.2000    0.810     0.576    -0.439    -0.653
 0.2080    0.794     0.557    -0.456    -0.667
 0.2160    0.778     0.538    -0.473    -0.681
 0.2241    0.763     0.519    -0.490    -0.695
 0.2321    0.747     0.501    -0.505    -0.708
 0.2402    0.732     0.483    -0.520    -0.720
 0.2483    0.717     0.466    -0.534    -0.732
 0.2564    0.702     0.449    -0.548    -0.743
 0.2645    0.688     0.432    -0.561    -0.755
 0.2726    0.673     0.416    -0.574    -0.765
 0.2807    0.659     0.400    -0.586    -0.776
 0.2888    0.645     0.384    -0.598    -0.786
 0.2969    0.631     0.368    -0.609    -0.796
 0.3050    0.617     0.352    -0.620    -0.806
 0.3131    0.604     0.337    -0.631    -0.815
 0.3213    0.590     0.321    -0.642    -0.825
 0.3294    0.577     0.306    -0.652    -0.834
 0.3375    0.564     0.291    -0.662    -0.842
 0.3456    0.551     0.277    -0.672    -0.851
 0.3537    0.538     0.262    -0.681    -0.860
 0.3618    0.525     0.248    -0.691    -0.868
 0.3698    0.513     0.234    -0.699    -0.876
 0.3779    0.501     0.220    -0.708    -0.883
 0.3860    0.489     0.207    -0.716    -0.891
 0.3940    0.478     0.195    -0.724    -0.898
 0.4021    0.468     0.184    -0.731    -0.904
 0.4101    0.458     0.174    -0.737    -0.910
 0.4182    0.449     0.164    -0.743    -0.915
 0.4262    0.442     0.156    -0.748    -0.919
 0.4343    0.434     0.148    -0.753    -0.923
 0.4424    0.427     0.141    -0.758    -0.927
 0.4505    0.420     0.135    -0.763    -0.931
 0.4586    0.414     0.128    -0.767    -0.934
 0.4667    0.407     0.122    -0.771    -0.937
 0.4749    0.402     0.116    -0.775    -0.940
 0.4830    0.396     0.111    -0.778    -0.943
 0.4911    0.391     0.105    -0.782    -0.946
 0.4993    0.386     0.101    -0.785    -0.949
 0.5074    0.381     0.096    -0.788    -0.951
 0.5156    0.376     0.091    -0.791    -0.953
 0.5237    0.372     0.087    -0.793    -0.956
 0.5319    0.368     0.083    -0.796    -0.958
 0.5401    0.364     0.079    -0.798    -0.960
 0.5482    0.360     0.076    -0.801    -0.962
 0.5564    0.357     0.072    -0.803    -0.964
 0.5646    0.353     0.069    -0.805    -0.965
 0.5728    0.350     0.065    -0.807    -0.967
 0.5810    0.347     0.062    -0.809    -0.969
 0.5892    0.344     0.059    -0.811    -0.970
 0.5973    0.341     0.056    -0.813    -0.972
 0.6055    0.339     0.053    -0.814    -0.973
 0.6137    0.336     0.051    -0.815    -0.975
 0.6219    0.334     0.048    -0.817    -0.976
 0.6301    0.332     0.046    -0.818    -0.977
 0.6383    0.331     0.044    -0.819    -0.978
 0.6465    0.329     0.042    -0.820    -0.979
 0.6547    0.328     0.040    -0.821    -0.980
 0.6629    0.327     0.038    -0.821    -0.981
 0.6712    0.325     0.037    -0.822    -0.982
 0.6794    0.325     0.035    -0.823    -0.982
 0.6876    0.324     0.034    -0.823    -0.983
 0.6958    0.323     0.032    -0.823    -0.984
 0.7041    0.323     0.031    -0.824    -0.984
 0.7123    0.323     0.030    -0.824    -0.985
 0.7206    0.323     0.029    -0.824    -0.985
 0.7288    0.323     0.028    -0.824    -0.986
 0.7371    0.323     0.027    -0.824    -0.987
 0.7454    0.323     0.025    -0.824    -0.987
 0.7537    0.323     0.024    -0.824    -0.988
 0.7620    0.323     0.022    -0.824    -0.989
 0.7702    0.322     0.020    -0.824    -0.990
 0.7785    0.322     0.017    -0.824    -0.991
 0.7868    0.321     0.015    -0.825    -0.993
 0.7951    0.321     0.012    -0.825    -0.994
 0.8034    0.320     0.008    -0.825    -0.996
 0.8117    0.319     0.005    -0.826    -0.998
 0.8200    0.319     0.001    -0.826    -0.999
 0.8284    0.318    -0.003    -0.827    -1.001
 0.8367    0.318    -0.007    -0.827    -1.003
 0.8450    0.317    -0.011    -0.827    -1.006
 0.8533    0.317    -0.016    -0.827    -1.008
 0.8616    0.317    -0.021    -0.827    -1.010
 0.8699    0.316    -0.026    -0.828    -1.013
 0.8782    0.316    -0.031    -0.828    -1.016
 0.8865    0.317    -0.037    -0.827    -1.018
 0.8947    0.317    -0.043    -0.827    -1.021
 0.9030    0.318    -0.050    -0.827    -1.025
 0.9113    0.319    -0.057    -0.826    -1.028
 0.9196    0.320    -0.064    -0.825    -1.031
 0.9278    0.322    -0.072    -0.824    -1.035
 0.9360    0.324    -0.081    -0.823    -1.039
 0.9442    0.327    -0.090    -0.821    -1.044
 0.9523    0.331    -0.100    -0.819    -1.049
 0.9602    0.336    -0.112    -0.816    -1.054
 0.9680    0.343    -0.124    -0.811    -1.060
 0.9756    0.353    -0.138    -0.806    -1.066
 0.9828    0.366    -0.153    -0.797    -1.074
 0.9897    0.387    -0.172    -0.784    -1.082
 0.9961    0.421    -0.191    -0.762    -1.091
 1.0000    0.567    -0.222    -0.660    -1.105


